109343.87418275274	507.57144475524484
110350.21621079686	512.4018195244755
110705.65430070284	510.0435557482517
110516.85673035424	502.05798668531475
109890.49177763466	490.00644559440565
108933.22772042782	475.4502657342664
107862.81539761875	461.2844191888118
106724.72251859492	448.5500290909097
106433.40750293223	439.0848562237767
104800.36641761014	426.26827459207504
102191.86498698236	411.890268587413
98774.44708757916	399.64234381352026
94208.60204335599	383.32815414452256
89381.0038950855	368.3314760839166
84045.07249665388	353.72493609324044
78570.19603727797	341.07012775757613
73282.53897125306	331.3433789836834
68675.60278236165	324.9347562517487
64978.12173994962	321.17717331468583
60519.664167172894	314.32878780419634
56256.21340718929	308.4732374937068
51951.1146924599	302.2757309631707
47700.51168802202	296.89164987785597
43901.21055402351	291.4101052139865
40077.51264984572	286.8229800279725
36110.28893868082	282.0569416596741
32197.5410735465	277.9418109072267
28429.38165438849	273.24076300979067
24970.681617036487	269.51553147785603
22049.006926471804	266.262118659208
19596.084257165323	263.98494588718006
17232.367907036936	261.12200695944114
15029.418550915056	259.49542485594463
13012.270113020519	256.95779427878836
11027.009979654518	254.7454935291381
8672.936446317954	252.02891462564153
6363.779011629962	249.32858854638695
4220.309498118406	246.93735281212125
2347.210121707056	245.0666942638695
849.1630983196083	243.9280997426573
-169.14935612024055	243.73305608951043
