99323.98824049611	537.5389186045455
99850.77380117287	539.7836682300701
100278.16754759726	533.4571302445224
100592.63085631211	520.6248554279723
100780.62510386025	503.35239456048976
100828.61166678471	483.7052984221452
100716.54887409319	465.3755357300707
100525.62659529097	449.77832438741325
100984.570799998	439.4017909655017
100096.90277181251	427.3822239803035
98216.47020841438	412.3042428217953
95378.05405667219	399.35690821048996
91635.30885027489	382.0827747163175
87370.63450433053	365.1340614833337
82622.49143098365	350.23443960279764
77487.93202748187	336.6199872731939
72362.03597866825	325.4289302111892
67747.12645328998	319.1174849155016
63924.830792073335	315.1156442062943
59437.421928140655	309.16209546433623
55145.558275489406	303.8591555501638
50893.28292501489	298.2958735695927
46745.673733063275	293.464775787215
43054.68848089497	289.77235539579306
39420.04544666498	286.14496243461593
35552.75958740566	281.9321136856066
31761.185127564648	277.80041076085143
28094.111759607382	273.83116674727324
24719.4962780597	269.52035804539685
21861.528594736847	266.2668869636253
19471.45043315095	263.98967341128264
17168.61664612655	261.1266832131475
15001.328507149352	259.5000719803153
13007.264919049341	256.96239595848533
11035.295553796625	254.75005559026866
8685.986636066018	252.03342803743644
6381.84478101885	249.3330535999068
4239.5381769041505	246.94177504265156
2364.3093705754145	245.07108299406767
861.4009088860585	243.93246808255245
-163.94466131049558	243.73742093650347
