94946.59050989365	580.9785807207694
95178.11829846684	590.8351315523079
95297.0571183271	592.5106959246156
95325.41237387131	587.8024748476926
95285.18946949641	578.5076693315388
95198.39380959955	566.423480386155
95151.46402755064	555.7867212192317
95031.13047838249	544.0275388092318
95145.2029543271	539.2625183884622
95000.93378446405	529.9591998046161
94717.55860441717	518.3462430000006
94214.12686597441	504.17991259846195
93365.74032247355	482.09217921769266
92348.89858022239	456.13330403230793
90582.28030318131	428.3362050038462
87730.09501276875	399.88786931384624
83759.43615978042	374.6272479161538
78783.48695053237	350.94363976615386
73281.36503618472	337.37707060384633
67396.71420602559	322.68840362153867
61503.850683199	312.45692505292334
55729.11109020535	304.453807037385
50362.721510287694	296.54804844715426
45864.32860282215	290.39918656800046
41620.242857927944	285.2751633138466
37238.91539603344	280.11835693892357
33039.68690799849	275.9212909058467
29060.74140891753	272.033149650539
25460.9457987011	269.12136809361584
22444.108788073365	266.6811467039236
19925.018488590238	265.21724726353904
17507.33063065015	263.167573918616
15235.019442749315	260.87387947607743
13157.264920971082	258.0921024858466
11130.818904923637	255.4730110002313
8731.456633226651	252.18695841000056
6399.434843202773	249.1449067411538
4241.321415011811	246.5583731835384
2359.224271159408	244.68765519538454
855.2513341511294	243.79305023492307
-168.48947350746676	244.13485576038462
