102554.7262682843	525.2493112307693
103441.14220759356	522.1749578002798
103982.0018056374	513.7336603837764
104210.34030448228	501.2833949255946
104159.19294619461	486.1821373700701
103861.59497284115	469.7878636615391
103458.00169966278	454.954714123637
102710.08758882622	441.194784165968
102722.8765769183	432.15182279701685
101494.10289383157	420.47311838303085
99451.82702162948	407.05416712764617
96537.26168205649	394.5293973902103
92763.776632664	379.92262761603774
88604.2435963846	365.96669884904475
83775.54134565468	352.1570841857347
78823.29147625883	341.3728346401869
73743.17491853317	332.524140860793
68966.70455064569	324.94406670321723
65100.009804012094	321.1863760990215
60534.31688956189	314.3377943597208
56186.32256133053	308.4820762684201
51782.78269979937	302.2843921589003
47521.41269340526	296.90015680192124
43719.842615373105	291.4184550737348
39917.88351145645	286.831198451469
35957.32084172283	282.0650235204667
32070.449626815265	277.94977485596326
28327.047918866712	273.24859225801447
24895.749111544963	269.5232539859213
21994.17606949835	266.26974794627563
19554.207044603107	263.9925099257442
17192.053214380714	261.1294889653712
14991.653585015401	259.5028602549377
12979.820842633662	256.9651569663035
11000.164043443317	254.75279282694694
8653.290885091617	252.03613608451334
6351.338415274058	249.33573263201865
4214.358105600109	246.94442838096973
2346.4637871841333	245.0737162321865
851.7692911404083	243.93508908648948
-165.6115514167832	243.74003984469925
