104531.78011537864	516.5061034134266
105481.34927858863	516.2617519767133
106239.28881932508	510.7969292299301
106789.45352566961	501.2581539817832
107115.69818570383	488.79194504097916
107201.87758750957	474.54482121622453
107108.06300154261	460.57393263930135
106669.73393807352	447.61118817214515
106850.81662208792	437.65760122214505
105399.79765012453	424.67798091864853
102788.85208185321	410.46233088662046
99084.44500412946	397.22216667405644
94407.5429386401	382.1440006517953
89290.49930486156	366.6432358323548
83727.08466918989	352.2808903313291
78252.9851488867	341.51309797079296
72895.96646113477	331.93267982298414
68216.36926177033	324.93824767104945
64526.0152837398	321.18062435881177
60053.626249146364	314.332165262518
55794.35207458052	308.47655203422426
51488.33194085576	302.2789789115693
47283.774301358695	296.8948399743805
43535.986518291465	291.4132364113921
39764.7050291279	286.8260619367837
35823.219703132	282.0599723574714
31951.055855370454	277.94479738800294
28234.981763509262	273.2436989778746
24817.520691523412	269.5184274183805
21929.720387514742	266.2649796418584
19504.25536451148	263.9877824016416
17162.07241595171	261.12481271166496
14977.393128917132	259.498213130567
12976.733457759608	256.9605552866065
11001.24852608449	254.74823076581643
8652.072710667935	252.03162267271847
6349.677397934749	249.33126757849885
4211.794757053502	246.94000615043944
2343.3091947816065	245.0693275019884
849.1051178763955	243.9307207465944
-165.9330669047922	243.73567499770624
