84256.26403019082	638.1472335559441
82145.34204634494	588.5920653821678
80805.15522110932	551.0441079808857
79935.96145691734	522.7173218717364
79238.01865620242	500.8256675743587
78411.58472139807	482.5831056083917
76580.80676831477	461.3206078596738
74013.9258620818	436.87744891526825
71004.90259312537	413.04447451864814
67598.56226911892	389.5966998132869
64142.541260904465	365.7104725782053
60255.4664674188	338.91848605221446
56982.71426640601	322.8614817400933
53529.566383946	306.00811312435917
50575.03839438005	294.79472856037313
47983.68015678827	286.90254291480215
44830.83015525295	276.02998875384645
41732.965331846855	267.05772792132905
38587.234777349644	258.79880758752944
35494.227201551716	252.13089287179525
32748.64377347671	247.42108601468578
30026.867795201953	243.59744029510534
27129.36066672709	240.1613174467371
24274.924510554327	237.10131347832217
21514.985457463084	234.1574459726112
18962.47241713958	231.40742318997715
16791.8143099781	228.80394640582801
14972.807189148481	226.5621285898606
13212.42182773064	224.299851498835
11550.343586881538	222.01296489941774
10017.13257084012	219.71451183962756
8506.663967684432	217.58390133240135
6709.361884365682	214.3698415769235
4946.865070183085	211.12640100291387
3303.871420769699	207.8408630352565
1858.5726417988458	204.62760922296044
689.160438943782	201.60102111503494
