90483.57141214242	371.37101188811175
88186.83663686767	353.2293517482518
85333.21623126787	333.47985221445225
82236.9229238466	312.98037575757587
78591.89591805148	293.2577095571096
74562.11255046593	276.0807155244756
70438.24138782498	263.7270724009325
66270.31783198056	255.07143682983704
62471.53934423546	250.38156097902134
57955.60515698171	243.03899219114243
53445.28676283999	237.03609244755282
48952.87451969525	231.54236606060647
44596.554249485904	226.42353431235466
40858.14338033367	223.71682568764615
37237.51067720559	222.05513680652732
33507.4462244029	221.73375067599113
29866.675668139385	219.64336592074633
26404.591704769093	217.28494645687687
23257.01997898073	215.1945284615389
20612.86929361451	213.90815347319395
18375.133060427743	211.52287869463913
16227.227075976616	209.27162314685364
14192.378090444525	208.38730585081626
12320.38055255688	206.96695452214496
10450.101533464567	205.546600512821
8237.01174814077	204.66232396270442
6049.14272353438	202.22355032634036
4013.86303468227	199.69094634032635
2234.248598724853	197.34591244755248
813.3753328024723	195.46984909090912
