96405.80247902438	601.0919581283918
96591.11551642901	605.3861747625176
96684.3894470787	599.6288427912355
96697.47593165506	586.3653564591609
96642.22663083968	568.1411100109092
96530.49320531434	547.5014976910966
96389.22317638937	527.5771650860614
96220.35952915052	514.4194106050359
96163.47357435999	506.69385207687725
95915.17832707078	498.38263216657407
95530.86055186468	488.02190657622447
95037.93031060322	478.1165406346859
94252.18346590787	461.33058580676044
93371.67025951594	441.64931605044325
91739.98188223118	418.9749790314222
88985.6114242391	395.74698330871814
84986.98509510177	372.50233213468545
79948.63565727515	353.7474998920748
74209.98090180814	338.5380919002333
68110.26647555441	324.4023975270865
61967.19468461278	313.82887267441527
56025.22262956675	305.9068709406717
50551.00412423674	297.9195810092638
46002.58613782221	291.5265698840844
41700.22029369103	285.99576636974405
37277.835939868055	280.26952978113803
33053.14270361672	275.34040135447145
29061.179418800228	272.0382553863548
25453.27356933244	269.1261873779632
22429.708211822304	266.68592229006583
19912.95275362932	265.2219966349377
17495.67473653368	263.17228658553904
15236.0613125818	260.87855106872314
13167.666076552476	258.09672426388863
11128.962033276512	255.47760930783738
8731.702053621579	252.1914685840985
6397.547931155426	249.1493448666248
4237.5184943373515	246.56274546498847
2354.292513168417	244.6919744512635
850.5487576496089	243.79733589752456
-171.03400221809352	244.13913387584623
