90194.1158277393	384.5269100233099
87734.76083563174	367.91273939393943
84662.39213489124	345.88553752913765
81251.1874280651	323.67131724941737
77188.26919134682	299.6620515151515
72514.18177996608	274.1521864335663
68184.35430340083	259.8690443589743
64375.64441502792	255.07167701631724
60673.17373889846	251.34651230769265
56225.39935918729	242.79763319347353
51862.09228324733	235.85688780885818
47456.497995667465	229.69316713286744
43257.61439840686	224.17231736596773
39609.78690568773	221.33162972028012
36136.70374702964	219.8039520279725
32523.829063418954	219.88456729603774
29040.04708516402	218.4642229370634
25715.799841012067	217.04382013986057
22664.585636632684	216.1594631701637
20081.326872077767	213.90817599067648
17923.98505900859	211.52288298368347
15820.719413777177	209.27162797202848
13831.762283487677	208.38730585081626
11993.725915879715	206.96694969697015
10174.841469174977	205.54657692307737
8013.214478297338	204.66228696969745
5899.708315207867	202.2234934965036
3931.7013228277674	199.69087905594418
2203.048676895909	197.34585025641036
807.6055531510974	195.4698137062938
