90580.70633326474	574.1740078580419
89963.27187599991	540.7255266307693
89066.805713455	511.0203960642192
87878.63242185544	484.45743331351986
86386.07657742663	460.43545553379954
84576.46275639415	438.3532798801866
82264.85444150062	415.3244185754081
79857.6717552518	396.664173221795
77073.03649700718	376.93902996958064
74251.44185735332	359.4615602163172
70878.7766628814	340.36738627494185
67433.48054626331	326.39248152645706
63441.683456364226	312.56301377249434
59363.84314458504	300.24112129358997
55126.96008572293	288.3377062347322
50685.235411126414	276.0828015444058
46481.85188898931	265.5442553388114
42407.115184022376	255.8777556058278
38458.213920248825	247.6013077843826
35108.578539778144	241.61203297377656
31906.413023076344	236.4777061074596
28578.762033649527	232.04142439953418
25337.903060895173	228.66339682960412
22289.520249027184	225.20779912738973
19501.765847405688	222.7069996293711
17160.209113242792	221.2852781805366
15211.471880623587	220.08971723391653
13349.225614457235	218.74610914592122
11617.81081869091	217.5663874806532
10043.634806424794	216.29671165442934
8507.158058294302	214.79646909207506
6681.140247680995	212.4941017536135
4903.313533933925	210.01162556631712
3256.655799433892	207.344475226457
1819.0460939581233	204.56351680128216
668.363467283795	201.739616358042
