97522.74456580511	423.16491561771596
96416.82571061152	403.12257622377643
94728.4989829342	382.0082223776226
92704.10823747782	359.95572587412596
89796.89208187825	334.6607869463869
85849.69393964711	309.9009867132867
81094.85579594591	295.80519277389277
75564.56698240511	280.9053424242425
69599.00365999374	269.86452000000014
63538.26530647385	258.34125675990697
57738.21661918447	249.4709298601401
52152.50972110857	242.71764358974391
46977.79727102275	237.27736459207492
42646.0138655045	233.55225778554816
38579.82452224296	229.23761862470903
34398.991980980005	224.89604694638734
30402.61039332337	222.29631995338042
26649.904330693807	220.76887869463917
23266.25411549199	219.64340613053656
20486.81497020012	217.2849796969702
18180.18017362655	215.19456813519858
15978.954303649936	213.90824568764617
13931.20226012109	212.48792009324055
12062.98386464342	209.99553769230812
10221.045524432411	206.96710517482558
8020.014782446365	203.9386973193477
5879.494689209014	201.74112291375295
3896.266784640988	199.69093347319352
2165.8600020763424	197.74791706293715
783.8032748490696	195.8718617482519
