97080.98398336228	434.25682913752934
95586.75612002314	404.3808370629371
93219.81784293705	373.5931979020978
89650.24026588196	341.1709986013983
85005.69015556424	315.3661780885779
79326.25703979333	288.91818857808835
73378.54331964589	278.78818545454544
67123.35764053676	263.59370671328685
61005.29572268472	253.06201368298386
55134.98706799906	245.02241086247105
49638.95154797512	237.73306053613084
45030.778031004	232.82873461538497
40709.33547679006	228.27268659673692
36313.9477017645	224.89594293706335
32112.96089983217	222.29625615384663
28143.063078297	220.7688604662009
24579.241477138487	219.6434581351986
21638.64630849174	217.28503438228483
19201.483808482364	215.1946067365972
16877.59514861237	213.90823013986056
14714.47328100904	212.4878943589748
12742.878796571127	209.99546370629415
10788.996307923184	206.96699365967405
8466.949549487357	203.93855899766942
6206.9117090225445	201.7410189044289
4113.230271912365	199.69087128205132
2286.6368215735747	197.74789240093247
827.862941422849	195.87185853146866
