79419.38773811105	623.449046689161
79281.00131033604	591.4920647307695
78587.47994626401	562.5615153547787
77357.7464300991	535.8179807759909
75610.7235460454	510.4220432092078
73365.33407830703	485.5342848692309
70604.52007511345	461.0944954273894
67201.26846518498	431.0302597096738
63858.66911697434	403.9521545046621
59957.14512542047	372.6887788994172
56578.23665998303	351.53900150629363
53805.671288400314	338.8503883505828
50867.661678784534	324.80247766048967
48255.99011233243	314.1258662276227
45148.53691983449	299.5389923395107
42078.246713038905	285.8283178881121
38972.499944142866	273.24216670664356
35899.337126715276	262.68526175745944
33153.71376498214	254.9951177184153
30397.17478416298	249.33790984871828
27489.43846042279	244.36896747482555
24614.03861403234	239.66009230279764
21818.090678108598	235.81220115407967
19212.622900978804	232.91488507995388
16990.791517034	230.2693087261077
15131.981057237754	227.29060340606108
13340.063718836782	224.2495663466205
11653.35887957022	221.41280916783265
10100.766643381645	218.89766806363681
8576.10821626315	216.96095551025684
6762.218006171586	213.82043057797245
4984.622399815823	210.89391350979022
3328.3200207552923	207.82771736293702
1871.6403276244725	204.60339271888105
692.9127790577869	201.2024901590909
