83433.40208702597	657.1202000293705
83251.68390762775	619.0693136846152
83103.86592272234	589.9779845895104
82855.2101390237	567.2945641708623
82370.97856324578	548.4674038554778
81516.43320210271	530.9448550701634
80003.42989437892	508.5074300164338
77638.51548116688	482.72023981981374
75108.18594550996	454.26291722890454
71965.60431145535	424.65712633648025
68182.13634091296	393.01484586048946
63882.40349876378	361.3625607224939
59930.030261316024	343.4313196356643
55777.78747446196	326.34371381340327
51381.83200074161	305.97811680582754
47123.41315833291	288.2636342298369
42941.06850788308	273.2045666266901
39003.60617371047	260.82664405571114
35597.66820117317	252.503465877273
32341.805648352703	245.83905269312385
28967.978717538623	240.16231927925443
25728.925435133155	235.56741097109594
22624.401315588068	231.5743791474363
19803.778467167453	228.12016113613092
17436.031743909793	225.46825654312397
15449.951108254803	223.0544885508163
13556.405992273938	220.98538125559492
11786.141674813429	218.89740371690024
10184.640464853057	217.25086936946434
8623.112381654844	215.62218794638738
6773.359672367774	213.1893206498839
4973.5042241663405	210.76501812552448
3305.9891872500025	208.09791128076924
1848.3649786806247	205.15647544428904
678.1820155200222	201.9091859447552
