82735.62485801138	677.7565682209795
80778.60338836645	625.2429117489513
79534.9195205698	583.9599778320514
78711.10386608049	551.3881659714453
78013.68703635757	525.0078756682984
77149.19964286026	502.29950642377617
75168.28879452922	475.61141941806534
72485.47666688878	447.3985340092074
69496.42397398347	424.54411251899785
65984.45853234157	397.8627244364803
62374.99958226241	373.6955422257576
58526.69478414646	348.6921766722611
55196.48126410029	333.14414340501173
52052.47578894026	318.4209005134034
49298.84973116233	307.6732740214454
47046.06315010988	300.1602721324013
44144.90228804207	288.30364507855506
41252.055434642534	277.1548438561774
38301.03729926614	266.50743326818207
35362.621708224964	258.3081801574595
32656.24514645368	252.18250135198167
30022.28075573767	246.95487898403306
27143.63885698273	242.24983602307734
24324.789101151637	238.34776067843868
21587.736698170196	234.80566989463915
19044.435979982605	231.46721866235475
16859.885305019285	228.71911086456922
15035.939563646183	226.00308049953424
13277.440810159493	223.2902934938233
11608.431476251453	220.58143106456924
10062.64800253188	217.5592477392778
8551.061559938305	214.70595263251795
6745.646252230055	211.3264183504666
4975.072555770831	208.2206972166667
3323.5975008053947	205.17896884638697
1869.6664082898824	202.23855327960374
691.7245991803771	199.43677055629368
