99959.93322000749	484.53760560909103
98646.03048657799	452.8316786842658
96586.64229515872	424.91047698403264
93923.12112331968	400.4377708434149
90796.81944863088	379.0773305974359
87349.08974866243	360.49292658111904
83722.74282527287	342.9929372561773
80161.64420938242	330.25714570326363
76824.90619579832	319.24450219160866
73627.4886963828	308.0027149506996
70536.86107613501	298.13622853764593
66837.19310723171	286.9620368958045
63080.33152739004	276.8471262568767
58884.14869287173	267.08159055874154
54646.47547353985	258.3518409917253
50204.805515827495	249.53344300734298
45940.53785801251	242.09654835174857
41751.00411151062	236.07630354860174
37828.53095019447	231.31751595897478
34510.74379287096	227.99342169428948
31323.76693469923	225.24330648671372
28055.892063687254	222.86846079638744
24906.536539248544	220.83965575256457
21886.18100877215	219.08107097470912
19178.575371542276	217.45943710069977
16893.149927796356	216.52932784090962
14975.456331475669	215.7450563247091
13154.270816592803	214.96640456014035
11450.791083677086	213.8829661311194
9900.02789409297	212.37846054428948
8382.562582399298	210.6295899428909
6587.289126160589	208.45934719324052
4837.983263577666	206.03487208333337
3216.759999191945	203.6020257364802
1799.6994585846676	201.30124732074592
662.881767337014	199.27297600419575
