98075.00796452786	476.0119257818183
97356.29373837718	456.79401023811204
96615.75371643934	438.3318096297204
95677.8369102376	420.41403550233105
94366.99233129517	402.82939940163175
92507.66899113545	385.3666128733102
89307.44366429727	366.32178141060626
85637.45810724393	349.43469047680674
81050.07072432034	330.74828553298386
76257.36638823722	312.5289343837997
71601.40992757135	298.73357841433585
67283.99357737934	290.022960150583
62562.77085691531	278.6807871129373
58214.52617152468	269.90597113473217
54507.890626662425	262.88627206270434
50134.63344388038	253.7713376522148
45857.53901399731	246.62830344195842
41834.606921729726	240.70234036445254
37813.21029039024	235.6469902857813
34452.67405185437	232.45516733193512
31284.219242422467	229.6858135860144
28042.644990458106	227.398556017483
24928.758130618455	225.20037047925462
21895.451004684353	223.43487016398652
19210.10142583143	221.21883757634083
16910.062395611043	219.5021466116555
14974.292652567356	218.7805692290215
13151.79181595653	217.74967019370683
11459.253275230445	216.61824649650399
9912.98936451719	215.26869500396316
8391.747043226032	213.64676535862517
6599.738640510586	211.41495610128254
4848.539330949574	208.9055863310024
3224.635963557612	206.28800377016321
1804.58064083167	203.6801195657343
664.9254652686611	201.1998448646853
